0.05 2.58557311893e-05
0.1 2.56563739777e-05
0.15 2.54570167661e-05
0.2 2.52576595545e-05
0.25 2.50583023429e-05
0.3 2.48589451313e-05
0.35 2.45299957156e-05
0.4 2.42010462999e-05
0.45 2.38720968843e-05
0.5 2.35431474686e-05
0.55 2.31322220282e-05
0.6 2.27212965879e-05
0.65 2.23103711475e-05
0.7 2.18994457071e-05
0.75 2.15519731418e-05
0.8 2.12045005765e-05
0.85 2.08570280111e-05
0.9 2.05095554458e-05
0.95 2.02064113882e-05
1.0 1.99032673306e-05
1.05 1.9600123273e-05
1.1 1.92969792154e-05
1.15 1.90843873602e-05
1.2 1.8871795505e-05
1.25 1.86592036498e-05
1.3 1.84466117946e-05
1.35 1.83027970331e-05
1.4 1.81589822717e-05
1.45 1.80151675103e-05
1.5 1.78713527489e-05
1.55 1.77398605611e-05
1.6 1.76083683734e-05
1.65 1.74768761856e-05
1.7 1.73453839979e-05
1.75 1.72878206269e-05
1.8 1.72302572559e-05
1.85 1.71726938849e-05
1.9 1.71151305139e-05
1.95 1.70542721388e-05
2.0 1.69934137637e-05
2.05 1.69325553886e-05
2.1 1.68716970134e-05
2.15 1.68234234578e-05
2.2 1.67751499021e-05
2.25 1.67268763465e-05
2.3 1.66786027908e-05
2.35 1.65952451763e-05
2.4 1.65118875618e-05
2.45 1.64285299472e-05
2.5 1.63451723327e-05
2.55 1.62353020972e-05
2.6 1.61254318616e-05
2.65 1.60155616261e-05
2.7 1.59056913906e-05
2.75 1.58171458633e-05
2.8 1.5728600336e-05
2.85 1.56400548087e-05
2.9 1.55515092814e-05
2.95 1.54646118985e-05
3.0 1.53777145157e-05
3.05 1.52908171328e-05
3.1 1.520391975e-05
3.15 1.51380637863e-05
3.2 1.50722078226e-05
3.25 1.50063518588e-05
3.3 1.49404958951e-05
3.35 1.49116683148e-05
3.4 1.48828407344e-05
3.45 1.48540131541e-05
3.5 1.48251855737e-05
3.55 1.48002946505e-05
3.6 1.47754037273e-05
3.65 1.47505128041e-05
3.7 1.47256218809e-05
3.75 1.47379561773e-05
3.8 1.47502904736e-05
3.85 1.476262477e-05
3.9 1.47749590663e-05
3.95 1.47789312372e-05
4.0 1.47829034081e-05
4.05 1.4786875579e-05
4.1 1.47908477499e-05
4.15 1.48268449017e-05
4.2 1.48628420535e-05
4.25 1.48988392053e-05
4.3 1.49348363571e-05
4.35 1.4923900098e-05
4.4 1.4912963839e-05
4.45 1.490202758e-05
4.5 1.4891091321e-05
4.55 1.49132366697e-05
4.6 1.49353820184e-05
4.65 1.49575273671e-05
4.7 1.49796727158e-05
4.75 1.49460972292e-05
4.8 1.49125217426e-05
4.85 1.48789462561e-05
4.9 1.48453707695e-05
4.95 1.48257806107e-05
5.0 1.48061904519e-05
5.05 1.4786600293e-05
5.1 1.47670101342e-05
5.15 1.47315298054e-05
5.2 1.46960494765e-05
5.25 1.46605691477e-05
5.3 1.46250888189e-05
5.35 1.45579500256e-05
5.4 1.44908112324e-05
5.45 1.44236724392e-05
5.5 1.4356533646e-05
5.55 1.42994169196e-05
5.6 1.42423001932e-05
5.65 1.41851834669e-05
5.7 1.41280667405e-05
5.75 1.40676193189e-05
5.8 1.40071718972e-05
5.85 1.39467244755e-05
5.9 1.38862770539e-05
5.95 1.38405786704e-05
6.0 1.3794880287e-05
6.05 1.37491819036e-05
6.1 1.37034835202e-05
6.15 1.36600381768e-05
6.2 1.36165928335e-05
6.25 1.35731474902e-05
6.3 1.35297021468e-05
6.35 1.34899804413e-05
6.4 1.34502587357e-05
6.45 1.34105370301e-05
6.5 1.33708153246e-05
6.55 1.33327483213e-05
6.6 1.32946813181e-05
6.65 1.32566143148e-05
6.7 1.32185473116e-05
6.75 1.32026361034e-05
6.8 1.31867248952e-05
6.85 1.3170813687e-05
6.9 1.31549024787e-05
6.95 1.31211663254e-05
7.0 1.30874301721e-05
7.05 1.30536940188e-05
7.1 1.30199578654e-05
7.15 1.29922897423e-05
7.2 1.29646216192e-05
7.25 1.29369534961e-05
7.3 1.2909285373e-05
7.35 1.28900949303e-05
7.4 1.28709044877e-05
7.45 1.28517140451e-05
7.5 1.28325236024e-05
7.55 1.28116089801e-05
7.6 1.27906943578e-05
7.65 1.27697797354e-05
7.7 1.27488651131e-05
7.75 1.27019739552e-05
7.8 1.26550827973e-05
7.85 1.26081916395e-05
7.9 1.25613004816e-05
7.95 1.25383180998e-05
8.0 1.2515335718e-05
8.05 1.24923533362e-05
8.1 1.24693709544e-05
8.15 1.24150720436e-05
8.2 1.23607731327e-05
8.25 1.23064742219e-05
8.3 1.22521753111e-05
8.35 1.22324727648e-05
8.4 1.22127702185e-05
8.45 1.21930676722e-05
8.5 1.21733651259e-05
8.55 1.20984944202e-05
8.6 1.20236237146e-05
8.65 1.1948753009e-05
8.7 1.18738823034e-05
8.75 1.18489566786e-05
8.8 1.18240310538e-05
8.85 1.17991054291e-05
8.9 1.17741798043e-05
8.95 1.17313453383e-05
9.0 1.16885108724e-05
9.05 1.16456764064e-05
9.1 1.16028419404e-05
9.15 1.15995531065e-05
9.2 1.15962642725e-05
9.25 1.15929754386e-05
9.3 1.15896866047e-05
9.35 1.15384948684e-05
9.4 1.14873031322e-05
9.45 1.14361113959e-05
9.5 1.13849196596e-05
9.55 1.13548080062e-05
9.6 1.13246963529e-05
9.65 1.12945846995e-05
9.7 1.12644730461e-05
9.75 1.12132719255e-05
9.8 1.11620708049e-05
9.85 1.11108696843e-05
9.9 1.10596685637e-05
9.95 1.10135688883e-05
10.0 1.09674692129e-05
10.05 1.09213695375e-05
10.1 1.08752698621e-05
10.15 1.08127042049e-05
10.2 1.07501385478e-05
10.25 1.06875728906e-05
10.3 1.06250072334e-05
10.35 1.05810265854e-05
10.4 1.05370459374e-05
10.45 1.04930652893e-05
10.5 1.04490846413e-05
10.55 1.0423565843e-05
10.6 1.03980470446e-05
10.65 1.03725282463e-05
10.7 1.0347009448e-05
10.75 1.03293738221e-05
10.8 1.03117381963e-05
10.85 1.02941025704e-05
10.9 1.02764669446e-05
10.95 1.02559116307e-05
11.0 1.02353563168e-05
11.05 1.02148010029e-05
11.1 1.0194245689e-05
11.15 1.01840184957e-05
11.2 1.01737913024e-05
11.25 1.01635641091e-05
11.3 1.01533369158e-05
11.35 1.01186934419e-05
11.4 1.0084049968e-05
11.45 1.00494064941e-05
11.5 1.00147630202e-05
11.55 9.98008405614e-06
11.6 9.94540509204e-06
11.65 9.91072612795e-06
11.7 9.87604716386e-06
11.75 9.83240976467e-06
11.8 9.78877236548e-06
11.85 9.74513496629e-06
11.9 9.7014975671e-06
11.95 9.65391367946e-06
12.0 9.60632979182e-06
12.05 9.55874590418e-06
12.1 9.51116201654e-06
12.15 9.46805339e-06
12.2 9.42494476345e-06
12.25 9.38183613691e-06
12.3 9.33872751036e-06
12.35 9.30446541088e-06
12.4 9.27020331141e-06
12.45 9.23594121193e-06
12.5 9.20167911245e-06
12.55 9.18579286519e-06
12.6 9.16990661793e-06
12.65 9.15402037067e-06
12.7 9.1381341234e-06
12.75 9.11257493457e-06
12.8 9.08701574573e-06
12.85 9.06145655689e-06
12.9 9.03589736805e-06
12.95 9.01033817922e-06
13.0 8.98477899038e-06
13.05 8.95921980154e-06
13.1 8.9336606127e-06
13.15 8.90810142387e-06
13.2 8.88254223503e-06
13.25 8.85698304619e-06
13.3 8.83142385735e-06
13.35 8.80586466852e-06
13.4 8.78030547968e-06
13.45 8.75474629084e-06
13.5 8.729187102e-06
13.55 8.70362791317e-06
13.6 8.67806872433e-06
13.65 8.65250953549e-06
13.7 8.62695034666e-06
13.75 8.60139115782e-06
13.8 8.57583196898e-06
13.85 8.55027278014e-06
13.9 8.52471359131e-06
13.95 8.49915440247e-06
14.0 8.47359521363e-06
14.05 8.44803602479e-06
14.1 8.42247683596e-06
14.15 8.39691764712e-06
14.2 8.37135845828e-06
14.25 8.34579926944e-06
14.3 8.32024008061e-06
14.35 8.29468089177e-06
14.4 8.26912170293e-06
14.45 8.24356251409e-06
14.5 8.21800332526e-06
14.55 8.19244413642e-06
14.6 8.16688494758e-06
14.65 8.14132575874e-06
14.7 8.11576656991e-06
14.75 8.09020738107e-06
14.8 8.06464819223e-06
14.85 8.03908900339e-06
14.9 8.01352981456e-06
14.95 7.98797062572e-06
15.0 7.96241143688e-06
15.05 7.93685224804e-06
