0.4925567562 -0.558335579625 0.0228654583794
1.1662993858 -0.572449263747 0.0230030072279
1.9186763084 -0.625412481324 0.0232837793555
2.672962769 -0.655573347965 0.0235929252683
3.4242983092 -0.744828960351 0.0241102311185
4.1845166154 -0.739188893557 0.0243700947477
4.9445412584 -0.718571261354 0.0243061869418
5.7087143234 -0.735699932042 0.0246077118095
6.4622822268 -0.800580220834 0.0253740583402
7.2174812004 -0.859623745348 0.0264092832579
7.9812443252 -0.930404891087 0.0282093794482
8.7398724378 -0.967153204362 0.0305193752645
9.5022045282 -0.996099683227 0.0326288349826
10.262141908 -0.988949376876 0.0349047631677
11.0228655382 -1.08667829554 0.0450578851989
11.7837503644 -1.21686782267 0.0727720943406
12.5433352068 -1.30600050459 0.115804123867
13.2995790398 -1.44129594196 0.195756347273
14.0597263202 -1.61998122577 0.362853295937
14.8223576036 -1.66370907621 0.596251576309
