0.05 0.0326879848812
0.1 0.0297269375816
0.15 0.0272655313417
0.2 0.0252587252189
0.25 0.0236614782704
0.3 0.0224287319043
0.35 0.0215153569318
0.4 0.0208762771119
0.45 0.0204666985908
0.5 0.0202416333734
0.55 0.020155034512
0.6 0.0201615786766
0.65 0.0202198959602
0.7 0.0202793794316
0.75 0.0202485206388
0.8 0.0200159281191
0.85 0.0194315798873
0.9 0.0183972495949
0.95 0.0170605239612
1.0 0.0156204349457
1.05 0.014235982399
1.1 0.0130252097415
1.15 0.011982366781
1.2 0.0110710410987
1.25 0.0102559649816
1.3 0.00950062576801
1.35 0.00876238629674
1.4 0.00799511046355
1.45 0.00714479089186
1.5 0.00619260045137
1.55 0.00526830426912
1.6 0.00450472517645
1.65 0.00389832456457
1.7 0.00340696642594
1.75 0.00297048659811
1.8 0.00254554112227
1.85 0.002174095009
1.9 0.0019131134104
1.95 0.00179425307526
2.0 0.00182007663516
2.05 0.00190207865621
2.1 0.00195409087852
2.15 0.00199036180375
2.2 0.0020424369473
2.25 0.00211063311797
2.3 0.00218456562456
2.35 0.0022422724824
2.4 0.0022656929015
2.45 0.00226394816403
2.5 0.00225153062355
2.55 0.002237234847
2.6 0.00222456347223
2.65 0.00220154920743
2.7 0.00215773818628
2.75 0.00210420017423
2.8 0.00206116579207
2.85 0.00206398545014
2.9 0.00212082515575
2.95 0.00211599351444
3.0 0.00195331945462
3.05 0.00173857059782
3.1 0.00159233160671
3.15 0.00149251661527
3.2 0.00139216573611
3.25 0.00128749352509
3.3 0.00118531089028
3.35 0.00109163970541
3.4 0.00101074263521
3.45 0.000940634542739
3.5 0.000878356609489
3.55 0.000823303092483
3.6 0.000775292231953
3.65 0.000733485125482
3.7 0.000696385313675
3.75 0.00066052325186
3.8 0.000622375423886
3.85 0.000580175512951
3.9 0.000535332014368
3.95 0.000500195472554
4.0 0.0004874436948
4.05 0.000500121490778
4.1 0.000536180311361
4.15 0.000582831169845
4.2 0.000629622177027
4.25 0.000686190271272
4.3 0.000761847411319
4.35 0.000844516809821
4.4 0.000922366311025
4.45 0.00100593103163
4.5 0.00110207556485
4.55 0.00118061513748
4.6 0.00121371483742
4.65 0.00121998856333
4.7 0.00122477746784
4.75 0.00123388290869
4.8 0.00124661096334
4.85 0.00125582638311
4.9 0.00125576498049
4.95 0.00125258813882
5.0 0.00125325397623
5.05 0.00125598197923
5.1 0.00125640072563
5.15 0.00124851378992
5.2 0.00122868716998
5.25 0.00120436156047
5.3 0.001184432442
5.35 0.00117253974231
5.4 0.00117038172613
5.45 0.00117714555916
5.5 0.00118960800009
5.55 0.00119741527864
5.6 0.00118948607773
5.65 0.00115895942216
5.7 0.0011045388274
5.75 0.0010429654299
5.8 0.000991157472161
5.85 0.000948704
5.9 0.000911419423722
5.95 0.000877348808293
6.0 0.000845028453204
6.05 0.000812728941384
6.1 0.000778272208137
6.15 0.000737951314836
6.2 0.000689468257005
6.25 0.000637689640715
6.3 0.000588345339626
6.35 0.000543453687225
6.4 0.000503522216103
6.45 0.000466726795455
6.5 0.000431574746006
6.55 0.000400230857999
6.6 0.000374462291786
6.65 0.000350788218627
6.7 0.000325165212485
6.75 0.000296547447227
6.8 0.000265376487691
6.85 0.000235045862698
6.9 0.000208875181955
6.95 0.000186936414718
7.0 0.000168313580457
7.05 0.000151386539956
7.1 0.000134801677458
7.15 0.000118975629744
7.2 0.000104446918701
7.25 9.04713541175e-05
7.3 7.65328887862e-05
7.35 6.43107596155e-05
7.4 5.53080458541e-05
7.45 4.81279119946e-05
7.5 4.11285833144e-05
7.55 3.45884429871e-05
7.6 2.80483026598e-05
7.65 2.15081623325e-05
7.7 1.49680220052e-05
7.75 8.4278816779e-06
7.8 1.8877413506e-06
7.85 0.0
7.9 0.0
7.95 0.0
8.0 0.0
8.05 0.0
8.1 0.0
8.15 0.0
8.2 0.0
8.25 0.0
8.3 0.0
8.35 0.0
8.4 0.0
8.45 0.0
8.5 0.0
8.55 0.0
8.6 0.0
8.65 0.0
8.7 0.0
8.75 0.0
8.8 0.0
8.85 0.0
8.9 0.0
8.95 0.0
9.0 0.0
9.05 0.0
9.1 0.0
9.15 0.0
9.2 0.0
9.25 0.0
9.3 0.0
9.35 0.0
9.4 0.0
9.45 0.0
9.5 0.0
9.55 0.0
9.6 0.0
9.65 0.0
9.7 0.0
9.75 0.0
9.8 0.0
9.85 0.0
9.9 0.0
9.95 0.0
10.0 0.0
10.05 0.0
10.1 0.0
10.15 0.0
10.2 0.0
10.25 0.0
10.3 0.0
10.35 0.0
10.4 0.0
10.45 0.0
10.5 0.0
10.55 0.0
10.6 0.0
10.65 0.0
10.7 0.0
10.75 0.0
10.8 0.0
10.85 0.0
10.9 0.0
10.95 0.0
11.0 0.0
11.05 0.0
11.1 0.0
11.15 0.0
11.2 0.0
11.25 0.0
11.3 0.0
11.35 0.0
11.4 0.0
11.45 0.0
11.5 0.0
11.55 0.0
11.6 0.0
11.65 0.0
11.7 0.0
11.75 0.0
11.8 0.0
11.85 0.0
11.9 0.0
11.95 0.0
12.0 0.0
12.05 0.0
12.1 0.0
12.15 0.0
12.2 0.0
12.25 0.0
12.3 0.0
12.35 0.0
12.4 0.0
12.45 0.0
12.5 0.0
12.55 0.0
12.6 0.0
12.65 0.0
12.7 0.0
12.75 0.0
12.8 0.0
12.85 0.0
12.9 0.0
12.95 0.0
13.0 0.0
13.05 0.0
13.1 0.0
13.15 0.0
13.2 0.0
13.25 0.0
13.3 0.0
13.35 0.0
13.4 0.0
13.45 0.0
13.5 0.0
13.55 0.0
13.6 0.0
13.65 0.0
13.7 0.0
13.75 0.0
13.8 0.0
13.85 0.0
13.9 0.0
13.95 0.0
14.0 0.0
14.05 0.0
14.1 0.0
14.15 0.0
14.2 0.0
14.25 0.0
14.3 0.0
14.35 0.0
14.4 0.0
14.45 0.0
14.5 0.0
14.55 0.0
14.6 0.0
14.65 0.0
14.7 0.0
14.75 0.0
14.8 0.0
14.85 0.0
14.9 0.0
14.95 0.0
15.0 0.0
15.05 0.0
